256 128 0.009504
256 256 0.001280
256 512 0.001248
256 1024 0.001248
512 128 0.001248
512 256 0.001280
512 512 0.001536
512 1024 0.001280
1024 128 0.001248
1024 256 0.001248
1024 512 0.001280
1024 1024 0.001248
2048 128 0.001248
2048 256 0.001248
2048 512 0.001248
2048 1024 0.001248
4096 128 0.001280
4096 256 0.001248
4096 512 0.001280
4096 1024 0.001280
8192 128 0.001280
8192 256 0.001248
8192 512 0.001248
8192 1024 0.001280
16384 128 0.002272
16384 256 0.002208
16384 512 0.002176
16384 1024 0.002144
32768 128 0.002176
32768 256 0.002176
32768 512 0.002144
32768 1024 0.002208
65536 128 0.002176
65536 256 0.002176
65536 512 0.002208
65536 1024 0.002176
131072 128 0.002464
131072 256 0.002208
131072 512 0.002272
131072 1024 0.002176
262144 128 0.002272
262144 256 0.002272
262144 512 0.002176
262144 1024 0.002336
524288 128 0.002208
524288 256 0.002176
524288 512 0.002432
524288 1024 0.002240
1048576 128 0.002176
1048576 256 0.002144
1048576 512 0.002272
1048576 1024 0.002432
2097152 128 0.002176
2097152 256 0.002400
2097152 512 0.002432
2097152 1024 0.002176
4194304 128 0.002240
4194304 256 0.002272
4194304 512 0.002176
4194304 1024 0.002272
8388608 128 0.002176
8388608 256 0.002176
8388608 512 0.002176
8388608 1024 0.002208
16777216 128 0.002208
16777216 256 0.002208
16777216 512 0.002208
16777216 1024 0.002176
33554432 128 0.002208
33554432 256 0.002400
33554432 512 0.002208
33554432 1024 0.002176
67108864 128 0.002176
67108864 256 0.002368
67108864 512 0.002240
67108864 1024 0.002208
134217728 128 0.002208
134217728 256 0.002336
134217728 512 0.002208
134217728 1024 0.002176
